image_width: 640
image_height: 480
camera_name: head_camera
camera_matrix:
  rows: 3
  cols: 3
  data: [404.82076,   0.     , 327.50005,
           0.     , 404.96359, 246.39124,
           0.     ,   0.     ,   1.     ]
distortion_model: plumb_bob
distortion_coefficients:
  rows: 1
  cols: 5
  data: [-0.325717, 0.116138, -0.001502, 0.001766, 0.000000]
rectification_matrix:
  rows: 3
  cols: 3
  data: [1., 0., 0.,
         0., 1., 0.,
         0., 0., 1.]
projection_matrix:
  rows: 3
  cols: 4
  data: [319.98032,   0.     , 332.60737,   0.     ,
           0.     , 354.28293, 247.20783,   0.     ,
           0.     ,   0.     ,   1.     ,   0.     ]
